":START_ID",":END_ID"
"0eda7676-fe6b-4276-833b-22fdc328d25e","a427a0b2-a41a-4d49-9714-cfe64f363bea"
"0083c907-5082-480e-ad58-894fedd36dd9","f2db79a3-fc91-4834-838c-acd997119fdd"
"7955a7c1-6691-4fd9-bd64-6d9b2fbdea3c","993a01ab-9c65-4f0d-9d78-bb1cc2880f44"
"144b6a13-794c-4a17-9531-23b16c3678cd","ac40b01b-7be4-4196-9878-63daceaa64ff"
"364089ad-a969-445b-a252-2cb31761d38a","85586b02-6945-4483-aa37-cc1b998e6669"
"fe607a67-b81c-45f9-a7c9-d262d0f2656f","bfaae911-bb1b-4dd4-8346-a0d1dda17d16"
"e37fcfed-c259-4e8d-9edb-3732bc8af747","c8b39f10-c47a-4c28-ad47-3c1e6c89d1aa"
"9bba0994-65ca-4953-ac3b-a03987dd962a","bc326dba-59bc-449a-9c36-0a8de2cf501b"
"51b44c84-d653-4409-8146-20479057bab6","d0211a23-8e88-46f3-8fcd-435608be6352"
"7c0529e9-41fe-48a4-a654-cf02c5430890","23bcb1af-3795-4da8-b02d-3620a1d4f0c2"
"b2686b54-dc8e-4af2-8b42-e0f5eb613be9","61b1e061-0e34-40d6-8bc7-0463055ff1a7"
"9752a4d3-bd40-43f7-ac35-1fe0d973c9f4","9ecd4814-ca2d-4997-b1ad-00a2d1788e61"
"7b6c5c35-56d6-451d-a283-af815cd68397","4f543b3e-0e78-4633-82f0-56df8d0413db"
"e465a14b-dabd-4a2d-9561-c8d6d4d38510","e6caae2b-1ad8-4565-81f3-20adb164dab5"
"aff6b510-1631-427a-b177-6106eb4f04a0","577334b3-b92e-4f55-aeb2-b2d4a4b4f50f"
"6055717c-18e1-4e1d-9f5b-d49f182729e2","bbdfa2e7-9a9f-48e4-8a58-dcbc73086dc2"
"aea1a678-46bf-4f77-8db3-1846cc9a3b5b","42afb720-33c0-46cc-a24a-c32dcd80c4a9"
"27e64e6d-794a-4744-a354-dd3618a1c932","0a5e0518-03d5-436b-a780-dd38aa581e84"
"f6af369e-320a-4a54-b46d-30e721d9bed1","418d4de2-e6f6-42a3-a1f7-bc1129a971a9"
"835dccbb-87dd-47d5-b059-8bac7beab64e","4dc6f655-dc54-4976-8825-89f694646025"
"fed2bfc7-bfaf-493e-a451-ee4dde35d016","2bae9869-2a40-4d70-a29e-33ee700a1452"
"587ed9c6-8a17-4017-833f-0e7ca5934f19","240ed5bc-3066-4e01-8245-6b02289a0384"
"8bca5445-85b7-4bc3-afe7-b3d2aefee01a","a31ce66a-62ac-49bf-b767-c02c5206718c"
"65069deb-6ed1-41a2-b10b-9a53ff24b8b3","c4af3d0d-4ef3-4833-8fc2-4f4530fa8a6c"
