":START_ID",":END_ID"
"7810f216-7bff-4093-b326-3fe95ae72f72","81f50976-8afc-4b98-83ce-176578f67d94"
"4e7552fe-aae1-432d-8fd6-0a97cf1e00bd","81f50976-8afc-4b98-83ce-176578f67d94"
"c1d32d2f-ce9e-4888-8687-8c83f0b80fe3","81f50976-8afc-4b98-83ce-176578f67d94"
"e874960a-f91a-4ae2-886f-1237cf19f193","81f50976-8afc-4b98-83ce-176578f67d94"
"b509ab74-4ab1-45d7-845b-f622f7fadc65","81f50976-8afc-4b98-83ce-176578f67d94"
"fb42a6d2-9697-4260-a3d8-ba59a4e81ca6","81f50976-8afc-4b98-83ce-176578f67d94"
"c22e1e21-82a9-4225-b2dc-58e05000bf49","81f50976-8afc-4b98-83ce-176578f67d94"
"069514ab-ba85-47b9-88ea-8118127188f2","81f50976-8afc-4b98-83ce-176578f67d94"
"3ad1aa2d-fa3a-48bb-a54c-ff35d959e88b","81f50976-8afc-4b98-83ce-176578f67d94"
"3e779fef-63d0-49de-a98f-ceb9d3780a58","81f50976-8afc-4b98-83ce-176578f67d94"
"3ebce003-bb94-4d32-867a-79bd709d120b","81f50976-8afc-4b98-83ce-176578f67d94"
"fa136aac-3073-402a-8725-2f4f033066cb","81f50976-8afc-4b98-83ce-176578f67d94"
"ee458d44-0851-42a9-9319-cd8dd4f285dc","a2c64f51-9e3b-4cda-8a37-5dbe1a7621e4"
"e8339817-447d-4366-add3-f0aecfe72995","69b1c290-b776-4d9d-b61b-8b0251ab3332"
"03ae8ce9-78a5-4c99-bf00-89a365dae4fd","524216aa-e2eb-412b-84c5-7eba23ab488d"
"51d196a5-d0aa-4f13-a408-d43fbe60a1b7","f9fd062a-6858-4c29-a1f5-cc99c9a527c2"
"ec5d2b21-22f7-4e94-b5ff-44cb5203f919","b345e6a8-5f25-42e2-8f4d-bd84624dab34"
"33496e57-41ef-4e01-aa92-21789c18721a","3c0011f0-fa9a-4465-9bf4-c347368bf0cc"
"396f75ec-a620-4707-a62f-a51fa426ddfd","2eb572d1-8baa-4077-b100-ecd34ccdf0e4"
"73cd74ed-a151-4e02-a38f-f5189cfb7dbd","2eb572d1-8baa-4077-b100-ecd34ccdf0e4"
"bdff340b-ae73-44e0-b08c-4cffef341d74","03846d96-9107-4f2e-9480-df74a550ec73"
"43096f51-fe95-485d-b26e-4967f842965c","3677359f-d5cb-47eb-9255-0e01acfe689e"
"108350e1-02a9-469e-8406-9b2272058262","c2e20f3f-c7c3-4419-a95a-95ad16cf3524"
"cdd50344-cd24-4796-9dc2-f352b5309b00","53900b45-08f3-43bb-ba7f-e8d7a0a85687"
