":START_ID",":END_ID"
"b974fed4-6e67-4215-8fd4-1c39bde09319","3aaf3142-779a-4b0e-84e7-64e70d914289"
"b974fed4-6e67-4215-8fd4-1c39bde09319","a681f953-e098-452b-b1bc-ca27e0b9dd7d"
